,depto,circuito,tot_partidos_04,porc_pi_p_04,porc_fa_p_04,porc_pc_p_04,porc_pn_p_04,porc_otros_04
0,Artigas,1,70.0,0.0,0.1,0.4142857142857143,0.4857142857142857,0.0
1,Artigas,2,119.0,0.0,0.12605042016806722,0.37815126050420167,0.4957983193277311,0.0
2,Artigas,3,194.0,0.0,0.13917525773195877,0.25773195876288657,0.6030927835051546,0.0
3,Artigas,4,202.0,0.0,0.23267326732673269,0.22772277227722773,0.5396039603960396,0.0
4,Artigas,5,188.0,0.0,0.25,0.19680851063829788,0.5531914893617021,0.0
5,Artigas,6,206.0,0.0,0.23786407766990292,0.18932038834951456,0.5728155339805825,0.0
6,Artigas,7,191.0,0.0,0.25654450261780104,0.17277486910994763,0.5706806282722513,0.0
7,Artigas,8,137.0,0.0,0.1386861313868613,0.25547445255474455,0.6058394160583942,0.0
8,Artigas,9,198.0,0.0,0.22727272727272727,0.16161616161616163,0.6111111111111112,0.0
9,Artigas,10,256.0,0.0,0.19921875,0.3203125,0.4765625,0.00390625
10,Artigas,11,335.0,0.0,0.19701492537313434,0.22388059701492538,0.573134328358209,0.005970149253731343
11,Artigas,12,331.0,0.0,0.20241691842900303,0.2598187311178248,0.5347432024169184,0.0030211480362537764
12,Artigas,13,348.0,0.0,0.20689655172413793,0.22126436781609196,0.5632183908045977,0.008620689655172414
13,Artigas,14,367.0,0.0,0.2016348773841962,0.2615803814713896,0.5367847411444142,0.0
14,Artigas,15,354.0,0.0,0.2401129943502825,0.19491525423728814,0.5536723163841808,0.011299435028248588
15,Artigas,16,359.0,0.0,0.25348189415041783,0.22562674094707522,0.5181058495821727,0.002785515320334262
16,Artigas,17,357.0,0.0,0.21008403361344538,0.22128851540616246,0.5686274509803921,0.0
17,Artigas,18,348.0,0.0,0.22126436781609196,0.27011494252873564,0.5057471264367817,0.0028735632183908046
18,Artigas,19,371.0,0.0,0.24258760107816713,0.20485175202156333,0.5471698113207547,0.005390835579514825
19,Artigas,20,364.0,0.0,0.22252747252747251,0.21978021978021978,0.5576923076923077,0.0
20,Artigas,21,353.0,0.0,0.24079320113314448,0.26345609065155806,0.49575070821529743,0.0
21,Artigas,22,362.0,0.0,0.26243093922651933,0.19060773480662985,0.5441988950276243,0.0027624309392265192
22,Artigas,23,363.0,0.0,0.2369146005509642,0.19559228650137742,0.5619834710743802,0.005509641873278237
23,Artigas,24,373.0,0.0,0.24664879356568364,0.23324396782841822,0.5201072386058981,0.0
24,Artigas,25,354.0,0.0,0.24293785310734464,0.2062146892655367,0.5480225988700564,0.002824858757062147
25,Artigas,26,354.0,0.0,0.24858757062146894,0.2033898305084746,0.5480225988700564,0.0
26,Artigas,27,355.0,0.0,0.27605633802816903,0.2,0.523943661971831,0.0
27,Artigas,28,367.0,0.0,0.22888283378746593,0.2098092643051771,0.5613079019073569,0.0
28,Artigas,29,369.0,0.0,0.3035230352303523,0.18699186991869918,0.5094850948509485,0.0
29,Artigas,30,342.0,0.0,0.2631578947368421,0.19005847953216373,0.5467836257309941,0.0
30,Artigas,31,357.0,0.0,0.28291316526610644,0.17086834733893558,0.5434173669467787,0.0028011204481792717
31,Artigas,32,359.0,0.0,0.31197771587743733,0.18662952646239556,0.4986072423398329,0.002785515320334262
32,Artigas,33,367.0,0.0,0.30517711171662126,0.20435967302452315,0.4904632152588556,0.0
33,Artigas,34,367.0,0.0,0.2970027247956403,0.20708446866485014,0.49591280653950953,0.0
34,Artigas,35,354.0,0.0,0.2711864406779661,0.1864406779661017,0.53954802259887,0.002824858757062147
35,Artigas,36,347.0,0.0,0.2968299711815562,0.1786743515850144,0.5244956772334294,0.0
36,Artigas,37,360.0,0.0,0.2611111111111111,0.20833333333333334,0.5305555555555556,0.0
37,Artigas,38,349.0,0.0,0.27507163323782235,0.20630372492836677,0.5186246418338109,0.0
38,Artigas,39,354.0,0.0,0.3022598870056497,0.2175141242937853,0.480225988700565,0.0
39,Artigas,40,354.0,0.0,0.327683615819209,0.18361581920903955,0.4887005649717514,0.0
40,Artigas,41,351.0,0.0,0.2962962962962963,0.1623931623931624,0.5384615384615384,0.002849002849002849
41,Artigas,42,353.0,0.0,0.31444759206798867,0.15864022662889518,0.5240793201133145,0.0028328611898017
42,Artigas,43,355.0,0.0,0.3436619718309859,0.17746478873239438,0.4788732394366197,0.0
43,Artigas,44,331.0,0.0,0.311178247734139,0.16314199395770393,0.525679758308157,0.0
44,Artigas,45,334.0,0.0,0.32335329341317365,0.15269461077844312,0.5209580838323353,0.0029940119760479044
45,Artigas,46,348.0,0.0,0.3103448275862069,0.15229885057471265,0.5344827586206896,0.0028735632183908046
46,Artigas,47,333.0,0.0,0.3033033033033033,0.1831831831831832,0.5135135135135135,0.0
47,Artigas,48,347.0,0.0,0.27953890489913547,0.17579250720461095,0.5446685878962536,0.0
48,Artigas,49,338.0,0.0,0.26331360946745563,0.23372781065088757,0.4970414201183432,0.005917159763313609
49,Artigas,50,333.0,0.0,0.3153153153153153,0.1891891891891892,0.4954954954954955,0.0
50,Artigas,51,329.0,0.0,0.25835866261398177,0.1945288753799392,0.547112462006079,0.0
51,Artigas,52,339.0,0.0,0.35398230088495575,0.2182890855457227,0.4277286135693215,0.0
52,Artigas,53,325.0,0.0,0.32,0.19692307692307692,0.48307692307692307,0.0
53,Artigas,54,340.0,0.0,0.2823529411764706,0.18529411764705883,0.5264705882352941,0.0058823529411764705
54,Artigas,55,328.0,0.0,0.3353658536585366,0.1676829268292683,0.4969512195121951,0.0
55,Artigas,56,340.0,0.0,0.34705882352941175,0.16470588235294117,0.48823529411764705,0.0
56,Artigas,57,354.0,0.0,0.3163841807909605,0.17231638418079095,0.5084745762711864,0.002824858757062147
57,Artigas,58,338.0,0.0,0.3875739644970414,0.1893491124260355,0.4230769230769231,0.0
58,Artigas,59,341.0,0.0,0.3020527859237537,0.22287390029325513,0.4750733137829912,0.0
59,Artigas,60,346.0,0.0,0.3815028901734104,0.1416184971098266,0.47398843930635837,0.002890173410404624
60,Artigas,61,337.0,0.0,0.3560830860534125,0.17804154302670624,0.4658753709198813,0.0
61,Artigas,62,318.0,0.0,0.3238993710691824,0.20754716981132076,0.46540880503144655,0.0031446540880503146
62,Artigas,63,330.0,0.0,0.40606060606060607,0.15757575757575756,0.43636363636363634,0.0
63,Artigas,64,342.0,0.0,0.34210526315789475,0.1608187134502924,0.49707602339181284,0.0
64,Artigas,65,351.0,0.0,0.4017094017094017,0.15384615384615385,0.4415954415954416,0.002849002849002849
65,Artigas,66,346.0,0.0,0.41329479768786126,0.10982658959537572,0.476878612716763,0.0
66,Artigas,67,341.0,0.0,0.36950146627565983,0.19941348973607037,0.4310850439882698,0.0
67,Artigas,68,350.0,0.0,0.41714285714285715,0.16857142857142857,0.4142857142857143,0.0
68,Artigas,69,359.0,0.0,0.3788300835654596,0.15877437325905291,0.4623955431754875,0.0
69,Artigas,70,355.0,0.0,0.36338028169014086,0.16056338028169015,0.4704225352112676,0.005633802816901409
70,Artigas,71,364.0,0.0,0.3543956043956044,0.1401098901098901,0.5054945054945055,0.0
71,Artigas,72,368.0,0.0,0.3967391304347826,0.11684782608695653,0.48641304347826086,0.0
72,Artigas,73,370.0,0.0,0.37567567567567567,0.17027027027027028,0.4540540540540541,0.0
73,Artigas,74,361.0,0.0,0.2299168975069252,0.2631578947368421,0.5069252077562327,0.0
74,Artigas,75,341.0,0.0,0.33724340175953077,0.16715542521994134,0.49266862170087977,0.002932551319648094
75,Artigas,76,350.0,0.0,0.2885714285714286,0.2057142857142857,0.5057142857142857,0.0
76,Artigas,77,346.0,0.0,0.3179190751445087,0.1907514450867052,0.4913294797687861,0.0
77,Artigas,78,365.0,0.0,0.3178082191780822,0.21643835616438356,0.4657534246575342,0.0
78,Artigas,79,347.0,0.0,0.3170028818443804,0.2680115273775216,0.414985590778098,0.0
79,Artigas,80,358.0,0.0,0.3659217877094972,0.1340782122905028,0.5,0.0
80,Artigas,81,362.0,0.0,0.32320441988950277,0.17679558011049723,0.5,0.0
81,Artigas,82,369.0,0.0,0.3143631436314363,0.16531165311653118,0.5203252032520326,0.0
82,Artigas,83,309.0,0.0,0.2686084142394822,0.2168284789644013,0.5145631067961165,0.0
83,Artigas,84,316.0,0.0,0.3069620253164557,0.2088607594936709,0.48417721518987344,0.0
84,Artigas,85,307.0,0.0,0.2996742671009772,0.1270358306188925,0.5732899022801303,0.0
85,Artigas,86,325.0,0.0,0.2923076923076923,0.23384615384615384,0.47384615384615386,0.0
86,Artigas,87,344.0,0.0,0.23255813953488372,0.18895348837209303,0.5755813953488372,0.0029069767441860465
87,Artigas,88,346.0,0.0,0.28034682080924855,0.15606936416184972,0.5635838150289018,0.0
88,Artigas,89,352.0,0.0,0.2840909090909091,0.15625,0.5596590909090909,0.0
89,Artigas,90,347.0,0.0,0.30835734870317005,0.1729106628242075,0.5187319884726225,0.0
90,Artigas,91,355.0,0.0,0.2647887323943662,0.15774647887323945,0.5774647887323944,0.0
91,Artigas,92,326.0,0.0,0.24846625766871167,0.17791411042944785,0.5736196319018405,0.0
92,Artigas,93,328.0,0.0,0.29573170731707316,0.16463414634146342,0.5365853658536586,0.003048780487804878
93,Artigas,94,324.0,0.0,0.25,0.17592592592592593,0.5740740740740741,0.0
94,Artigas,95,339.0,0.0,0.28023598820059,0.1592920353982301,0.56047197640118,0.0
95,Artigas,96,70.0,0.0,0.014285714285714285,0.21428571428571427,0.7714285714285715,0.0
96,Artigas,97,88.0,0.0,0.056818181818181816,0.375,0.5681818181818182,0.0
97,Artigas,98,147.0,0.0,0.11564625850340136,0.21768707482993196,0.6666666666666666,0.0
98,Artigas,99,158.0,0.0,0.17088607594936708,0.18354430379746836,0.6455696202531646,0.0
99,Artigas,100,159.0,0.0,0.2138364779874214,0.18238993710691823,0.6037735849056604,0.0
100,Artigas,101,220.0,0.0,0.17272727272727273,0.2318181818181818,0.5954545454545455,0.0
101,Artigas,102,32.0,0.0,0.125,0.1875,0.6875,0.0
102,Artigas,103,15.0,0.0,0.0,0.2,0.8,0.0
103,Artigas,104,11.0,0.0,0.09090909090909091,0.09090909090909091,0.8181818181818182,0.0
104,Artigas,105,243.0,0.0,0.09465020576131687,0.32098765432098764,0.5843621399176955,0.0
105,Artigas,106,255.0,0.0,0.23921568627450981,0.25882352941176473,0.5019607843137255,0.0
106,Artigas,107,257.0,0.0,0.1867704280155642,0.33852140077821014,0.47470817120622566,0.0
107,Artigas,108,249.0,0.0,0.23293172690763053,0.30120481927710846,0.46586345381526106,0.0
108,Artigas,109,262.0,0.0,0.2748091603053435,0.3244274809160305,0.40076335877862596,0.0
109,Artigas,110,264.0,0.0,0.22348484848484848,0.2803030303030303,0.4962121212121212,0.0
110,Artigas,111,252.0,0.0,0.21031746031746032,0.06349206349206349,0.7261904761904762,0.0
111,Artigas,112,242.0,0.0,0.21487603305785125,0.25206611570247933,0.5330578512396694,0.0
112,Artigas,113,261.0,0.0,0.2720306513409962,0.24521072796934865,0.4827586206896552,0.0
113,Artigas,114,268.0,0.0,0.3208955223880597,0.17164179104477612,0.5074626865671642,0.0
114,Artigas,115,255.0,0.0,0.4,0.2196078431372549,0.3803921568627451,0.0
115,Artigas,116,256.0,0.0,0.34765625,0.18359375,0.46875,0.0
116,Artigas,117,256.0,0.0,0.40625,0.14453125,0.44921875,0.0
117,Artigas,118,263.0,0.0,0.34600760456273766,0.17870722433460076,0.4752851711026616,0.0
118,Artigas,119,320.0,0.0,0.3,0.140625,0.559375,0.0
119,Artigas,120,353.0,0.0,0.35694050991501414,0.11614730878186968,0.5240793201133145,0.0028328611898017
120,Artigas,121,367.0,0.0,0.4822888283378747,0.1226158038147139,0.39509536784741145,0.0
121,Artigas,122,370.0,0.0,0.43243243243243246,0.11351351351351352,0.4540540540540541,0.0
122,Artigas,123,370.0,0.0,0.4486486486486487,0.12162162162162163,0.4297297297297297,0.0
123,Artigas,124,372.0,0.0,0.4435483870967742,0.08333333333333333,0.4731182795698925,0.0
124,Artigas,125,371.0,0.0,0.49056603773584906,0.0673854447439353,0.4420485175202156,0.0
125,Artigas,126,368.0,0.0,0.5271739130434783,0.08967391304347826,0.38315217391304346,0.0
126,Artigas,127,358.0,0.0,0.505586592178771,0.09776536312849161,0.39664804469273746,0.0
127,Artigas,128,355.0,0.0,0.49014084507042255,0.10140845070422536,0.4056338028169014,0.0028169014084507044
128,Artigas,129,339.0,0.0,0.5339233038348082,0.09734513274336283,0.3687315634218289,0.0
129,Artigas,130,345.0,0.0,0.5246376811594203,0.06956521739130435,0.4057971014492754,0.0
130,Artigas,131,348.0,0.0,0.4942528735632184,0.0603448275862069,0.4425287356321839,0.0028735632183908046
131,Artigas,132,331.0,0.0,0.49244712990936557,0.05740181268882175,0.4501510574018127,0.0
132,Artigas,133,323.0,0.0,0.47987616099071206,0.08978328173374613,0.42724458204334365,0.0030959752321981426
133,Artigas,134,327.0,0.0,0.4709480122324159,0.07951070336391437,0.44954128440366975,0.0
134,Artigas,135,337.0,0.0,0.5341246290801187,0.06231454005934718,0.4035608308605341,0.0
135,Artigas,136,335.0,0.0,0.5223880597014925,0.06567164179104477,0.41194029850746267,0.0
136,Artigas,137,339.0,0.0,0.5014749262536873,0.08259587020648967,0.415929203539823,0.0
137,Artigas,138,336.0,0.0,0.5148809523809523,0.07738095238095238,0.40773809523809523,0.0
138,Artigas,139,337.0,0.0,0.5578635014836796,0.04747774480712166,0.3916913946587537,0.002967359050445104
139,Artigas,140,341.0,0.0,0.5835777126099707,0.06451612903225806,0.3519061583577713,0.0
140,Artigas,141,366.0,0.0,0.5956284153005464,0.05737704918032787,0.3469945355191257,0.0
141,Artigas,142,369.0,0.0,0.5176151761517616,0.07588075880758807,0.4065040650406504,0.0
142,Artigas,143,368.0,0.0,0.4891304347826087,0.09239130434782608,0.41847826086956524,0.0
143,Artigas,144,344.0,0.0,0.4011627906976744,0.17732558139534885,0.4127906976744186,0.00872093023255814
144,Artigas,145,340.0,0.0,0.49411764705882355,0.1,0.40294117647058825,0.0029411764705882353
145,Artigas,146,324.0,0.0,0.5740740740740741,0.09259259259259259,0.3333333333333333,0.0
146,Artigas,147,356.0,0.0,0.5561797752808989,0.0898876404494382,0.3539325842696629,0.0
147,Artigas,148,259.0,0.0,0.43243243243243246,0.11583011583011583,0.4517374517374517,0.0
148,Artigas,149,271.0,0.0,0.36162361623616235,0.08856088560885608,0.5498154981549815,0.0
149,Artigas,150,231.0,0.0,0.48917748917748916,0.09956709956709957,0.41125541125541126,0.0
150,Artigas,151,254.0,0.0,0.5236220472440944,0.051181102362204724,0.4251968503937008,0.0
151,Artigas,152,7.0,0.0,0.14285714285714285,0.14285714285714285,0.7142857142857143,0.0
152,Artigas,153,99.0,0.0,0.12121212121212122,0.18181818181818182,0.696969696969697,0.0
153,Artigas,154,205.0,0.0,0.06341463414634146,0.3121951219512195,0.624390243902439,0.0
154,Artigas,155,226.0,0.0,0.2345132743362832,0.19911504424778761,0.5663716814159292,0.0
155,Artigas,9001,438.0,0.0,0.2625570776255708,0.1963470319634703,0.541095890410959,0.0
156,Artigas,9002,423.0,0.0,0.18912529550827423,0.20803782505910165,0.6004728132387707,0.002364066193853428
157,Artigas,9003,429.0,0.0,0.2261072261072261,0.18414918414918416,0.5897435897435898,0.0
158,Canelones,1,242.0,0.008264462809917356,0.2975206611570248,0.2892561983471074,0.40082644628099173,0.004132231404958678
159,Canelones,2,319.0,0.009404388714733543,0.27586206896551724,0.21003134796238246,0.48589341692789967,0.018808777429467086
160,Canelones,3,334.0,0.0029940119760479044,0.33532934131736525,0.17365269461077845,0.47604790419161674,0.011976047904191617
161,Canelones,4,366.0,0.00546448087431694,0.3360655737704918,0.22131147540983606,0.4344262295081967,0.00273224043715847
162,Canelones,5,349.0,0.02005730659025788,0.39255014326647564,0.1346704871060172,0.4355300859598854,0.017191977077363897
163,Canelones,6,364.0,0.019230769230769232,0.33516483516483514,0.17032967032967034,0.46153846153846156,0.013736263736263736
164,Canelones,7,365.0,0.024657534246575342,0.42191780821917807,0.1178082191780822,0.4246575342465753,0.010958904109589041
165,Canelones,8,348.0,0.017241379310344827,0.3764367816091954,0.16666666666666666,0.42528735632183906,0.014367816091954023
166,Canelones,9,364.0,0.01098901098901099,0.5027472527472527,0.15384615384615385,0.3241758241758242,0.008241758241758242
167,Canelones,10,363.0,0.02203856749311295,0.4765840220385675,0.1322314049586777,0.349862258953168,0.01928374655647383
168,Canelones,11,365.0,0.0136986301369863,0.5232876712328767,0.14246575342465753,0.3178082191780822,0.0027397260273972603
169,Canelones,12,376.0,0.031914893617021274,0.4654255319148936,0.10372340425531915,0.39361702127659576,0.005319148936170213
170,Canelones,13,361.0,0.013850415512465374,0.5013850415512465,0.10249307479224377,0.3739612188365651,0.008310249307479225
171,Canelones,14,358.0,0.025139664804469275,0.5307262569832403,0.10893854748603352,0.31564245810055863,0.019553072625698324
172,Canelones,15,361.0,0.013850415512465374,0.6066481994459834,0.0886426592797784,0.2770083102493075,0.013850415512465374
173,Canelones,16,347.0,0.020172910662824207,0.6340057636887608,0.07780979827089338,0.2507204610951009,0.01729106628242075
174,Canelones,17,363.0,0.013774104683195593,0.6363636363636364,0.1046831955922865,0.2396694214876033,0.005509641873278237
175,Canelones,18,357.0,0.022408963585434174,0.6162464985994398,0.07563025210084033,0.2801120448179272,0.0056022408963585435
176,Canelones,19,350.0,0.025714285714285714,0.5657142857142857,0.08571428571428572,0.3142857142857143,0.008571428571428572
177,Canelones,20,350.0,0.011428571428571429,0.6314285714285715,0.08285714285714285,0.26571428571428574,0.008571428571428572
178,Canelones,21,367.0,0.01907356948228883,0.6076294277929155,0.09264305177111716,0.2670299727520436,0.013623978201634877
179,Canelones,22,360.0,0.008333333333333333,0.6333333333333333,0.08888888888888889,0.26666666666666666,0.002777777777777778
180,Canelones,23,356.0,0.019662921348314606,0.547752808988764,0.12078651685393259,0.30337078651685395,0.008426966292134831
181,Canelones,24,356.0,0.025280898876404494,0.601123595505618,0.09269662921348315,0.2752808988764045,0.0056179775280898875
182,Canelones,25,364.0,0.04120879120879121,0.6510989010989011,0.0989010989010989,0.20054945054945056,0.008241758241758242
183,Canelones,26,360.0,0.03611111111111111,0.6694444444444444,0.05555555555555555,0.2361111111111111,0.002777777777777778
184,Canelones,27,361.0,0.013850415512465374,0.5595567867036011,0.08310249307479224,0.3407202216066482,0.002770083102493075
185,Canelones,28,342.0,0.02046783625730994,0.5555555555555556,0.12280701754385964,0.29239766081871343,0.008771929824561403
186,Canelones,29,339.0,0.011799410029498525,0.5811209439528023,0.12389380530973451,0.2713864306784661,0.011799410029498525
187,Canelones,30,357.0,0.03081232492997199,0.6162464985994398,0.06442577030812324,0.27170868347338933,0.01680672268907563
188,Canelones,31,360.0,0.03333333333333333,0.6638888888888889,0.08333333333333333,0.20277777777777778,0.016666666666666666
189,Canelones,32,342.0,0.0029239766081871343,0.5847953216374269,0.05555555555555555,0.3508771929824561,0.005847953216374269
190,Canelones,33,355.0,0.014084507042253521,0.6056338028169014,0.07605633802816901,0.29014084507042254,0.014084507042253521
191,Canelones,34,350.0,0.008571428571428572,0.6085714285714285,0.08,0.29428571428571426,0.008571428571428572
192,Canelones,35,353.0,0.0113314447592068,0.6543909348441926,0.07932011331444759,0.24079320113314448,0.014164305949008499
193,Canelones,36,348.0,0.020114942528735632,0.6724137931034483,0.05747126436781609,0.2413793103448276,0.008620689655172414
194,Canelones,37,362.0,0.024861878453038673,0.5911602209944752,0.11049723756906077,0.26243093922651933,0.011049723756906077
195,Canelones,38,358.0,0.019553072625698324,0.6201117318435754,0.07262569832402235,0.28212290502793297,0.00558659217877095
196,Canelones,39,370.0,0.013513513513513514,0.5891891891891892,0.11351351351351352,0.2810810810810811,0.002702702702702703
197,Canelones,40,366.0,0.01912568306010929,0.644808743169399,0.04371584699453552,0.273224043715847,0.01912568306010929
198,Canelones,41,361.0,0.013850415512465374,0.6343490304709142,0.060941828254847646,0.27977839335180055,0.0110803324099723
199,Canelones,42,359.0,0.013927576601671309,0.6183844011142061,0.06963788300835655,0.2841225626740947,0.013927576601671309
200,Canelones,43,366.0,0.00819672131147541,0.6584699453551912,0.06557377049180328,0.2540983606557377,0.01366120218579235
201,Canelones,44,361.0,0.0110803324099723,0.6703601108033241,0.06371191135734072,0.23268698060941828,0.0221606648199446
202,Canelones,45,368.0,0.019021739130434784,0.6385869565217391,0.06521739130434782,0.266304347826087,0.010869565217391304
203,Canelones,46,384.0,0.026041666666666668,0.6328125,0.06510416666666667,0.2682291666666667,0.0078125
204,Canelones,47,376.0,0.026595744680851064,0.5771276595744681,0.08776595744680851,0.29521276595744683,0.013297872340425532
205,Canelones,48,386.0,0.031088082901554404,0.5984455958549223,0.06994818652849741,0.2927461139896373,0.007772020725388601
206,Canelones,49,221.0,0.0,0.33031674208144796,0.18552036199095023,0.4751131221719457,0.00904977375565611
207,Canelones,50,320.0,0.0,0.39375,0.1625,0.428125,0.015625
208,Canelones,51,327.0,0.01529051987767584,0.327217125382263,0.1437308868501529,0.4984709480122324,0.01529051987767584
209,Canelones,52,336.0,0.020833333333333332,0.4583333333333333,0.10416666666666667,0.4017857142857143,0.01488095238095238
210,Canelones,53,344.0,0.014534883720930232,0.44476744186046513,0.125,0.39825581395348836,0.01744186046511628
211,Canelones,54,339.0,0.011799410029498525,0.4336283185840708,0.08259587020648967,0.46607669616519176,0.0058997050147492625
212,Canelones,55,348.0,0.005747126436781609,0.5344827586206896,0.09482758620689655,0.3620689655172414,0.0028735632183908046
213,Canelones,56,328.0,0.009146341463414634,0.47865853658536583,0.1402439024390244,0.3567073170731707,0.01524390243902439
214,Canelones,57,356.0,0.011235955056179775,0.5870786516853933,0.06460674157303371,0.33146067415730335,0.0056179775280898875
215,Canelones,58,358.0,0.0111731843575419,0.5167597765363129,0.08100558659217877,0.3854748603351955,0.00558659217877095
216,Canelones,59,333.0,0.009009009009009009,0.5615615615615616,0.08708708708708708,0.33933933933933935,0.003003003003003003
217,Canelones,60,346.0,0.005780346820809248,0.638728323699422,0.06647398843930635,0.2745664739884393,0.014450867052023121
218,Canelones,61,375.0,0.008,0.6906666666666667,0.06666666666666667,0.22666666666666666,0.008
219,Canelones,62,348.0,0.008620689655172414,0.5747126436781609,0.08045977011494253,0.32471264367816094,0.011494252873563218
220,Canelones,63,349.0,0.008595988538681949,0.5902578796561605,0.07163323782234957,0.30659025787965616,0.022922636103151862
221,Canelones,64,344.0,0.014534883720930232,0.6133720930232558,0.0872093023255814,0.27325581395348836,0.011627906976744186
222,Canelones,65,352.0,0.022727272727272728,0.6022727272727273,0.07670454545454546,0.2869318181818182,0.011363636363636364
223,Canelones,66,357.0,0.022408963585434174,0.6246498599439776,0.056022408963585436,0.2857142857142857,0.011204481792717087
224,Canelones,67,342.0,0.03508771929824561,0.5730994152046783,0.09649122807017543,0.28362573099415206,0.011695906432748537
225,Canelones,68,364.0,0.03021978021978022,0.6483516483516484,0.06043956043956044,0.24175824175824176,0.019230769230769232
226,Canelones,69,362.0,0.016574585635359115,0.6132596685082873,0.06353591160220995,0.2955801104972376,0.011049723756906077
227,Canelones,70,343.0,0.008746355685131196,0.5685131195335277,0.05539358600583091,0.358600583090379,0.008746355685131196
228,Canelones,71,353.0,0.019830028328611898,0.6430594900849859,0.0708215297450425,0.24645892351274787,0.019830028328611898
229,Canelones,72,362.0,0.03314917127071823,0.6215469613259669,0.06353591160220995,0.26795580110497236,0.013812154696132596
230,Canelones,73,355.0,0.014084507042253521,0.6619718309859155,0.0676056338028169,0.2507042253521127,0.005633802816901409
231,Canelones,74,365.0,0.010958904109589041,0.6328767123287671,0.06575342465753424,0.2876712328767123,0.0027397260273972603
232,Canelones,75,357.0,0.022408963585434174,0.6610644257703081,0.06162464985994398,0.24649859943977592,0.008403361344537815
233,Canelones,76,351.0,0.019943019943019943,0.6638176638176638,0.05698005698005698,0.2535612535612536,0.005698005698005698
234,Canelones,77,370.0,0.02702702702702703,0.6513513513513514,0.051351351351351354,0.2594594594594595,0.010810810810810811
235,Canelones,78,380.0,0.015789473684210527,0.6026315789473684,0.05,0.3157894736842105,0.015789473684210527
236,Canelones,79,361.0,0.00554016620498615,0.6703601108033241,0.060941828254847646,0.2520775623268698,0.0110803324099723
237,Canelones,80,371.0,0.016172506738544475,0.6954177897574124,0.04043126684636118,0.2371967654986523,0.01078167115902965
238,Canelones,81,376.0,0.007978723404255319,0.6462765957446809,0.04521276595744681,0.2978723404255319,0.0026595744680851063
239,Canelones,82,383.0,0.007832898172323759,0.6422976501305483,0.0391644908616188,0.30809399477806787,0.0026109660574412533
240,Canelones,83,390.0,0.015384615384615385,0.5948717948717949,0.08205128205128205,0.30256410256410254,0.005128205128205128
241,Canelones,84,154.0,0.012987012987012988,0.3246753246753247,0.14285714285714285,0.487012987012987,0.032467532467532464
242,Canelones,85,175.0,0.005714285714285714,0.36,0.11428571428571428,0.49714285714285716,0.022857142857142857
243,Canelones,86,187.0,0.0053475935828877,0.37967914438502676,0.11764705882352941,0.48128342245989303,0.016042780748663103
244,Canelones,87,150.0,0.013333333333333334,0.22,0.14666666666666667,0.6066666666666667,0.013333333333333334
245,Canelones,88,286.0,0.0,0.12237762237762238,0.24125874125874125,0.6223776223776224,0.013986013986013986
246,Canelones,89,321.0,0.009345794392523364,0.1526479750778816,0.2336448598130841,0.5981308411214953,0.006230529595015576
247,Canelones,90,343.0,0.01749271137026239,0.1924198250728863,0.22448979591836735,0.5597667638483965,0.0058309037900874635
248,Canelones,91,344.0,0.0029069767441860465,0.2441860465116279,0.2063953488372093,0.5348837209302325,0.011627906976744186
249,Canelones,92,343.0,0.011661807580174927,0.23615160349854228,0.1836734693877551,0.5539358600583091,0.014577259475218658
250,Canelones,93,357.0,0.008403361344537815,0.3697478991596639,0.16806722689075632,0.4425770308123249,0.011204481792717087
251,Canelones,94,351.0,0.02564102564102564,0.36182336182336183,0.1282051282051282,0.47293447293447294,0.011396011396011397
252,Canelones,95,342.0,0.023391812865497075,0.38596491228070173,0.14327485380116958,0.4415204678362573,0.005847953216374269
253,Canelones,96,334.0,0.041916167664670656,0.4431137724550898,0.11976047904191617,0.38323353293413176,0.011976047904191617
254,Canelones,97,341.0,0.02346041055718475,0.41348973607038125,0.1436950146627566,0.41055718475073316,0.008797653958944282
255,Canelones,98,352.0,0.014204545454545454,0.4431818181818182,0.07102272727272728,0.4630681818181818,0.008522727272727272
256,Canelones,99,346.0,0.02023121387283237,0.3988439306358382,0.11560693641618497,0.45664739884393063,0.008670520231213872
257,Canelones,100,339.0,0.008849557522123894,0.4218289085545723,0.12684365781710916,0.4218289085545723,0.02064896755162242
258,Canelones,101,372.0,0.013440860215053764,0.4327956989247312,0.10752688172043011,0.4381720430107527,0.008064516129032258
259,Canelones,102,212.0,0.014150943396226415,0.3113207547169811,0.18396226415094338,0.4858490566037736,0.0047169811320754715
260,Canelones,103,228.0,0.0043859649122807015,0.37280701754385964,0.14473684210526316,0.4780701754385965,0.0
261,Canelones,104,231.0,0.0,0.5887445887445888,0.09956709956709957,0.30735930735930733,0.004329004329004329
262,Canelones,105,228.0,0.0043859649122807015,0.543859649122807,0.17105263157894737,0.2807017543859649,0.0
263,Canelones,106,241.0,0.008298755186721992,0.5269709543568465,0.0995850622406639,0.34854771784232363,0.016597510373443983
264,Canelones,107,269.0,0.011152416356877323,0.30855018587360594,0.1970260223048327,0.44981412639405205,0.03345724907063197
265,Canelones,108,337.0,0.017804154302670624,0.33827893175074186,0.18694362017804153,0.44807121661721067,0.008902077151335312
266,Canelones,109,357.0,0.0056022408963585435,0.3333333333333333,0.20448179271708683,0.4481792717086835,0.008403361344537815
267,Canelones,110,339.0,0.0058997050147492625,0.34513274336283184,0.1887905604719764,0.44837758112094395,0.011799410029498525
268,Canelones,111,349.0,0.017191977077363897,0.3524355300859599,0.166189111747851,0.46131805157593125,0.0028653295128939827
269,Canelones,112,358.0,0.025139664804469275,0.3994413407821229,0.1452513966480447,0.4245810055865922,0.00558659217877095
270,Canelones,113,338.0,0.01775147928994083,0.39644970414201186,0.1390532544378698,0.4437869822485207,0.0029585798816568047
271,Canelones,114,363.0,0.011019283746556474,0.371900826446281,0.13774104683195593,0.4793388429752066,0.0
272,Canelones,115,357.0,0.014005602240896359,0.4061624649859944,0.11204481792717087,0.46218487394957986,0.0056022408963585435
273,Canelones,116,350.0,0.02857142857142857,0.3485714285714286,0.16857142857142857,0.43714285714285717,0.017142857142857144
274,Canelones,117,349.0,0.014326647564469915,0.41260744985673353,0.12607449856733524,0.44126074498567336,0.0057306590257879654
275,Canelones,118,348.0,0.02586206896551724,0.4540229885057471,0.11206896551724138,0.39655172413793105,0.011494252873563218
276,Canelones,119,363.0,0.008264462809917356,0.5013774104683195,0.12396694214876033,0.3608815426997245,0.005509641873278237
277,Canelones,120,337.0,0.017804154302670624,0.4658753709198813,0.11869436201780416,0.3916913946587537,0.005934718100890208
278,Canelones,121,342.0,0.023391812865497075,0.5029239766081871,0.13742690058479531,0.32748538011695905,0.008771929824561403
279,Canelones,122,337.0,0.008902077151335312,0.4599406528189911,0.1394658753709199,0.3887240356083086,0.002967359050445104
280,Canelones,123,326.0,0.02147239263803681,0.42024539877300615,0.08895705521472393,0.46319018404907975,0.006134969325153374
281,Canelones,124,358.0,0.019553072625698324,0.505586592178771,0.09776536312849161,0.3743016759776536,0.002793296089385475
282,Canelones,125,358.0,0.013966480446927373,0.505586592178771,0.07541899441340782,0.39664804469273746,0.008379888268156424
283,Canelones,126,340.0,0.01764705882352941,0.45294117647058824,0.10882352941176471,0.4147058823529412,0.0058823529411764705
284,Canelones,127,349.0,0.017191977077363897,0.4154727793696275,0.10028653295128939,0.4498567335243553,0.017191977077363897
285,Canelones,128,353.0,0.0169971671388102,0.4730878186968839,0.07365439093484419,0.42492917847025496,0.0113314447592068
286,Canelones,129,346.0,0.02601156069364162,0.49710982658959535,0.10404624277456648,0.36416184971098264,0.008670520231213872
287,Canelones,130,363.0,0.02203856749311295,0.5151515151515151,0.09641873278236915,0.349862258953168,0.01652892561983471
288,Canelones,131,366.0,0.02185792349726776,0.5355191256830601,0.07650273224043716,0.35792349726775957,0.00819672131147541
289,Canelones,132,348.0,0.008620689655172414,0.5603448275862069,0.0603448275862069,0.34770114942528735,0.022988505747126436
290,Canelones,133,347.0,0.025936599423631124,0.4783861671469741,0.11815561959654179,0.3688760806916426,0.008645533141210375
291,Canelones,134,338.0,0.01775147928994083,0.5473372781065089,0.09171597633136094,0.33727810650887574,0.005917159763313609
292,Canelones,135,349.0,0.008595988538681949,0.5959885386819485,0.1318051575931232,0.24355300859598855,0.02005730659025788
293,Canelones,136,354.0,0.022598870056497175,0.632768361581921,0.07909604519774012,0.24858757062146894,0.01694915254237288
294,Canelones,137,357.0,0.0196078431372549,0.5882352941176471,0.09523809523809523,0.28291316526610644,0.014005602240896359
295,Canelones,138,365.0,0.019178082191780823,0.6328767123287671,0.07397260273972603,0.25753424657534246,0.01643835616438356
296,Canelones,139,370.0,0.032432432432432434,0.5567567567567567,0.10270270270270271,0.2918918918918919,0.016216216216216217
297,Canelones,140,372.0,0.024193548387096774,0.6344086021505376,0.07526881720430108,0.25806451612903225,0.008064516129032258
298,Canelones,141,354.0,0.031073446327683617,0.5621468926553672,0.09887005649717515,0.2994350282485876,0.00847457627118644
299,Canelones,142,352.0,0.017045454545454544,0.59375,0.09375,0.2897727272727273,0.005681818181818182
300,Canelones,143,344.0,0.014534883720930232,0.6569767441860465,0.06395348837209303,0.2558139534883721,0.00872093023255814
301,Canelones,144,357.0,0.0196078431372549,0.6414565826330533,0.07282913165266107,0.2605042016806723,0.0056022408963585435
302,Canelones,145,338.0,0.029585798816568046,0.5502958579881657,0.0621301775147929,0.34911242603550297,0.008875739644970414
303,Canelones,146,364.0,0.016483516483516484,0.49175824175824173,0.10714285714285714,0.3708791208791209,0.013736263736263736
304,Canelones,147,344.0,0.03197674418604651,0.5203488372093024,0.06976744186046512,0.36627906976744184,0.011627906976744186
305,Canelones,148,353.0,0.025495750708215296,0.5779036827195467,0.0906515580736544,0.3031161473087819,0.0028328611898017
306,Canelones,149,352.0,0.008522727272727272,0.53125,0.09375,0.36079545454545453,0.005681818181818182
307,Canelones,150,337.0,0.032640949554896145,0.5459940652818991,0.05934718100890208,0.3620178041543027,0.0
308,Canelones,151,349.0,0.017191977077363897,0.5243553008595988,0.08022922636103152,0.37249283667621774,0.0057306590257879654
309,Canelones,152,329.0,0.0121580547112462,0.45288753799392095,0.12462006079027356,0.4012158054711246,0.00911854103343465
310,Canelones,153,348.0,0.02586206896551724,0.5,0.07471264367816093,0.39655172413793105,0.0028735632183908046
311,Canelones,154,353.0,0.0056657223796034,0.71671388101983,0.042492917847025496,0.22662889518413598,0.0084985835694051
312,Canelones,155,350.0,0.011428571428571429,0.7028571428571428,0.04857142857142857,0.22285714285714286,0.014285714285714285
313,Canelones,156,351.0,0.022792022792022793,0.6609686609686609,0.06837606837606838,0.245014245014245,0.002849002849002849
314,Canelones,157,346.0,0.02023121387283237,0.6416184971098265,0.07225433526011561,0.2630057803468208,0.002890173410404624
315,Canelones,158,352.0,0.02556818181818182,0.6960227272727273,0.05113636363636364,0.22443181818181818,0.002840909090909091
316,Canelones,159,351.0,0.011396011396011397,0.7122507122507122,0.06837606837606838,0.20797720797720798,0.0
317,Canelones,160,346.0,0.011560693641618497,0.684971098265896,0.06069364161849711,0.24277456647398843,0.0
318,Canelones,161,337.0,0.011869436201780416,0.7091988130563798,0.06528189910979229,0.20771513353115728,0.005934718100890208
319,Canelones,162,346.0,0.02023121387283237,0.6705202312138728,0.0838150289017341,0.21965317919075145,0.005780346820809248
320,Canelones,163,357.0,0.011204481792717087,0.6358543417366946,0.07563025210084033,0.27170868347338933,0.0056022408963585435
321,Canelones,164,351.0,0.022792022792022793,0.6381766381766382,0.07122507122507123,0.2621082621082621,0.005698005698005698
322,Canelones,165,352.0,0.022727272727272728,0.6448863636363636,0.07386363636363637,0.2528409090909091,0.005681818181818182
323,Canelones,166,354.0,0.00847457627118644,0.6384180790960452,0.06779661016949153,0.2824858757062147,0.002824858757062147
324,Canelones,167,356.0,0.019662921348314606,0.6853932584269663,0.03932584269662921,0.25,0.0056179775280898875
325,Canelones,168,345.0,0.014492753623188406,0.518840579710145,0.0927536231884058,0.3652173913043478,0.008695652173913044
326,Canelones,169,347.0,0.01729106628242075,0.5187319884726225,0.1037463976945245,0.3573487031700288,0.002881844380403458
327,Canelones,170,351.0,0.02564102564102564,0.603988603988604,0.09401709401709402,0.25925925925925924,0.017094017094017096
328,Canelones,171,350.0,0.014285714285714285,0.6742857142857143,0.054285714285714284,0.2542857142857143,0.002857142857142857
329,Canelones,172,347.0,0.023054755043227664,0.6772334293948127,0.05763688760806916,0.2334293948126801,0.008645533141210375
330,Canelones,173,349.0,0.02005730659025788,0.6504297994269341,0.05730659025787966,0.25787965616045844,0.014326647564469915
331,Canelones,174,347.0,0.025936599423631124,0.6858789625360231,0.04899135446685879,0.2219020172910663,0.01729106628242075
332,Canelones,175,322.0,0.024844720496894408,0.7236024844720497,0.052795031055900624,0.18322981366459629,0.015527950310559006
333,Canelones,176,342.0,0.03216374269005848,0.6929824561403509,0.05263157894736842,0.2134502923976608,0.008771929824561403
334,Canelones,177,346.0,0.02601156069364162,0.6358381502890174,0.06647398843930635,0.2630057803468208,0.008670520231213872
335,Canelones,178,349.0,0.022922636103151862,0.66189111747851,0.04871060171919771,0.2607449856733524,0.0057306590257879654
336,Canelones,179,348.0,0.0028735632183908046,0.6120689655172413,0.05459770114942529,0.32471264367816094,0.005747126436781609
337,Canelones,180,340.0,0.008823529411764706,0.638235294117647,0.08235294117647059,0.2529411764705882,0.01764705882352941
338,Canelones,181,358.0,0.027932960893854747,0.6033519553072626,0.0893854748603352,0.2709497206703911,0.008379888268156424
339,Canelones,182,356.0,0.016853932584269662,0.6910112359550562,0.0449438202247191,0.23876404494382023,0.008426966292134831
340,Canelones,183,350.0,0.011428571428571429,0.66,0.06285714285714286,0.26285714285714284,0.002857142857142857
341,Canelones,184,352.0,0.014204545454545454,0.5738636363636364,0.09659090909090909,0.3096590909090909,0.005681818181818182
342,Canelones,185,345.0,0.008695652173913044,0.6753623188405797,0.03768115942028986,0.27246376811594203,0.005797101449275362
343,Canelones,186,346.0,0.014450867052023121,0.7023121387283237,0.049132947976878616,0.23121387283236994,0.002890173410404624
344,Canelones,187,348.0,0.020114942528735632,0.5,0.09482758620689655,0.382183908045977,0.0028735632183908046
345,Canelones,188,335.0,0.023880597014925373,0.5074626865671642,0.09850746268656717,0.3641791044776119,0.005970149253731343
346,Canelones,189,340.0,0.03529411764705882,0.6647058823529411,0.07941176470588235,0.20588235294117646,0.014705882352941176
347,Canelones,190,340.0,0.008823529411764706,0.6529411764705882,0.047058823529411764,0.27058823529411763,0.020588235294117647
348,Canelones,191,345.0,0.04057971014492753,0.6463768115942029,0.08115942028985507,0.22608695652173913,0.005797101449275362
349,Canelones,192,346.0,0.014450867052023121,0.653179190751445,0.05491329479768786,0.27167630057803466,0.005780346820809248
350,Canelones,193,336.0,0.03571428571428571,0.6964285714285714,0.044642857142857144,0.2113095238095238,0.011904761904761904
351,Canelones,194,326.0,0.03374233128834356,0.6687116564417178,0.049079754601226995,0.24846625766871167,0.0
352,Canelones,195,341.0,0.03225806451612903,0.6656891495601173,0.05571847507331378,0.2404692082111437,0.005865102639296188
353,Canelones,196,350.0,0.008571428571428572,0.6628571428571428,0.06285714285714286,0.2571428571428571,0.008571428571428572
354,Canelones,197,339.0,0.02359882005899705,0.6371681415929203,0.05309734513274336,0.27728613569321536,0.008849557522123894
355,Canelones,198,341.0,0.03519061583577713,0.6392961876832844,0.05571847507331378,0.26392961876832843,0.005865102639296188
356,Canelones,199,333.0,0.018018018018018018,0.6516516516516516,0.05405405405405406,0.25825825825825827,0.018018018018018018
357,Canelones,200,358.0,0.0223463687150838,0.6703910614525139,0.05865921787709497,0.24022346368715083,0.008379888268156424
358,Canelones,201,339.0,0.02359882005899705,0.696165191740413,0.05604719764011799,0.21238938053097345,0.011799410029498525
359,Canelones,202,351.0,0.017094017094017096,0.6552706552706553,0.05413105413105413,0.26495726495726496,0.008547008547008548
360,Canelones,203,337.0,0.011869436201780416,0.6824925816023739,0.03857566765578635,0.26112759643916916,0.005934718100890208
361,Canelones,204,346.0,0.02601156069364162,0.6763005780346821,0.046242774566473986,0.24855491329479767,0.002890173410404624
362,Canelones,205,332.0,0.018072289156626505,0.6837349397590361,0.04216867469879518,0.2469879518072289,0.009036144578313253
363,Canelones,206,358.0,0.008379888268156424,0.6731843575418994,0.05027932960893855,0.26536312849162014,0.002793296089385475
364,Canelones,207,357.0,0.0056022408963585435,0.680672268907563,0.0392156862745098,0.27170868347338933,0.0028011204481792717
365,Canelones,208,339.0,0.017699115044247787,0.6637168141592921,0.035398230088495575,0.27728613569321536,0.0058997050147492625
366,Canelones,209,339.0,0.011799410029498525,0.7197640117994101,0.058997050147492625,0.20648967551622419,0.0029498525073746312
367,Canelones,210,342.0,0.008771929824561403,0.6052631578947368,0.07894736842105263,0.2953216374269006,0.011695906432748537
368,Canelones,211,340.0,0.023529411764705882,0.65,0.06764705882352941,0.24705882352941178,0.011764705882352941
369,Canelones,212,334.0,0.029940119760479042,0.6616766467065869,0.0658682634730539,0.23652694610778444,0.005988023952095809
370,Canelones,213,351.0,0.019943019943019943,0.6324786324786325,0.06837606837606838,0.26495726495726496,0.014245014245014245
